
base_mva = 100000;
%       P+jQ
Sl = [ 
 0     +  0j;
 0     +  0j;
 0     +  0j;
 0     +  0j;
 2.6   +  2.2j;
 40.4  +  30j;
 75    +  54j;
 30    +  22j;
 28    +  19j;
 145   +  104j;
 145   +  104j;
 8     +  5.5j;
 8     +  5.5j;
 0     +  0j;
 45.5  +  30j;
 60    +  35j;
 60    +  35j;
 0     +  0j;
 1     +  0.6j;
 114   +  81j;
 5.3   +  3.5j;
 0     +  0j;
 28    +  20j;
 0     +  0j;
 14    +  10j;
 14    +  10j;
 26    +  18.6j;
 26    +  18.6j;
  0    +  0j;
  0    +  0j;
  0    +  0j;
 14    +  10j;
 19.5  +  14j;
 6     +  4j;  
 0     +  0j;
 79    +  56.4j;
 384.7 +  274.5j;
 384.7 +  274.5j;
 40.5  +  28.3j;
 3.6   +  2.7j;
 4.35  +  3.5j;
 26.4  +  19j;
 24    +  17.2j;
 0     +  0j;
 0     +  0j;
 0     +  0j;
 100   +  72j;
 0     +  0j;
 1244  +  888j;
 32    +  23j;
 0     +  0j;
 227   +  162j;
 59    +  42j;
 18    +  13j;
 18    +  13j;
 28    +  20j;
 28    +  20j;
 26    +  18.55j;
 26    +  18.55j;
 0     +  0j;
 24    +  17j;
 24    +  17j;
 1.2   +  1j;
 0     +  0j;
 6     +  4.3j;
 0     +  0j;
 39.22 +  26.3j;
 39.22 +  26.3j;
 39.22 +  26.3j;   ];
     
%Converting the Power to its p.u value
Sl = (Sl/base_mva);                          

%To add interconnections, append the Z_branch matrix with a new row with
%the in bus, out bus, and impedance values of the connection. The
%interconnection must be added at the end of the matrix for the program to
%run correctly. Similarly, a new row should be added to I_branch matrix
%with the in bus, out bus and initial branch current set as 0. The index of
%the new row should be the same in both matrices

% inbus outbus              R   +   jX
Z_branch = [ 
                1   2      0.0005   +    0.0012j; 
                2   3      0.0005   +    0.0012j; 
                3   4      0.0015   +    0.0036j; 
                4   5      0.0251   +    0.0294j; 
                5   6      0.3660   +    0.1864j;
                6   7      0.3811   +    0.1941j;
                7   8      0.0922   +    0.0470j; 
                8   9      0.0493   +    0.0251j;
                9   10     0.8190   +    0.2707j;
                10  11     0.1872   +    0.0619j;
                11  12     0.7114   +    0.2351j;
                12  13     1.0300   +    0.3450j; 
                13  14     0.0440   +    0.3450j; 
                14  15     0.0580   +    0.3496j;
                15  16     0.1966   +    0.0650j; 
                16  17     0.3744   +    0.1238j;
                17  18     0.0047   +    0.0016j;  
                18  19     0.3276   +    0.1083j; 
                19  20     0.2106   +    0.0696j; 
                20  21     0.3416   +    0.1129j; 
                21  22     0.0140   +    0.0046j; 
                22  23     0.1591   +    0.0526j; 
                23  24     0.3463   +    0.1145j; 
                24  25     0.7488   +    0.2475j; 
                25  26     0.3089   +    0.1021j; 
                26  27     0.1732   +    0.0572j; 
                3   28     0.0044   +    0.0108j; 
                28  29     0.0640   +    0.1565j; 
                29  30     0.3978   +    0.1315j; 
                30  31     0.0702   +    0.0232j; 
                31  32     0.3510   +    0.1160j; 
                32  33     0.8390   +    0.2816j; 
                33  34     0.7080   +    0.5646j; 
                34  35     0.4740   +    0.4873j;
                3   36     0.0034   +    0.0084j; 
                36  37     0.0851   +    0.2083j; 
                37  38     0.2898   +    0.7091j; 
                38  39     0.0822   +    0.2011j; 
                39  40     0.0928   +    0.0473j; 
                40  41     0.3319   +    0.1114j; 
                41  42     0.1740   +    0.0886j;
                42  43     0.2030   +    0.1034j;
                43  44     0.2842   +    0.1447j;
                44  45     0.2813   +    0.1433j;
                45  46     0.5900   +    0.5337j;
                4   47     0.7837   +    0.2630j; 
                47  48     0.3042   +    0.1006j;
                48  49     0.3861   +    0.1172j;
                49  50     0.5075   +    0.2585j;
                8   51     0.0974   +    0.0496j;
                51  52     0.1450   +    0.0738j;
                9   53     0.7105   +    0.3619j;
                53  54     0.0410   +    0.5302j;
                54  55     0.2012   +    0.0611j;
                55  56     0.0047   +    0.0014j;
                56  57     0.7394   +    0.2444j;
                57  58     0.0047   +    0.0016j;
                58  59     0.0044   +    0.0108j;
                59  60     0.0640   +    0.1565j;
                60  61     0.1053   +    0.1230j; 
                61  62     0.0304   +    0.0355j;
                62  63     0.0018   +    0.0021j;
                63  64     0.7283   +    0.8509j;
                64  65     0.3100   +    0.3623j;
                11  66     0.0410   +    0.0478j;
                66  67     0.0092   +    0.0116j;
                12  68     0.1089   +    0.1373j;
                68  69     0.0009   +    0.0012j;   ] ; 

            
%Converting the Impedence to its p.u value
        

% inbus outbus Iio
I_branch = [ 
                1   2   0; 
                2   3   0; 
                3   4   0; 
                4   5   0; 
                5   6   0;
                6   7   0;
                7   8   0; 
                8   9   0;
                9   10  0;
                10  11  0;
                11  12  0;
                12  13  0; 
                13  14  0; 
                14  15  0;
                15  16  0; 
                16  17  0;
                17  18  0;  
                18  19  0; 
                19  20  0; 
                20  21  0; 
                21  22  0; 
                22  23  0; 
                23  24  0; 
                24  25  0; 
                25  26  0; 
                26  27  0; 
                3   28  0; 
                28  29  0; 
                29  30  0; 
                30  31  0; 
                31  32  0; 
                32  33  0; 
                33  34  0; 
                34  35  0;
                3   36  0; 
                36  37  0; 
                37  38  0; 
                38  39  0; 
                39  40  0; 
                40  41  0; 
                41  42  0;
                42  43  0;
                43  44  0;
                44  45  0;
                45  46  0;
                4   47  0; 
                47  48  0;
                48  49  0;
                49  50  0;
                8   51  0;
                51  52  0;
                9   53  0;
                53  54  0;
                54  55  0;
                55  56  0;
                56  57  0;
                57  58  0;
                58  59  0;
                59  60  0;
                60  61  0; 
                61  62  0;
                62  63  0;
                63  64  0;
                64  65  0;
                11  66  0;
                66  67  0;
                12  68  0;
                68  69  0;   ];
                %11  43  0;
                %15  46  0;
                %13  21  0;
                %27  65  0;
                %50  59  0;];  